22 serialization::archive 17 0 0 18 0 1 2 1 0
0 0 0 185 0 0 0 0 0 0 6 0 1.66666666999999991e-01 1.66666666999999991e-01 1.66666666999999991e-01 1.66666666999999991e-01 1.66666666999999991e-01 1.66666666999999991e-01 0 0 0 0 0 0.00000000000000000e+00 0.00000000000000000e+00 0 0 0 0 1 1 2
1 1 1 185 1 0 0 0 2 0 6 0 1.66666666999999991e-01 1.66666666999999991e-01 1.66666666999999991e-01 1.66666666999999991e-01 1.66666666999999991e-01 1.66666666999999991e-01 3 0 7 unstack 7 block_3 7 block_1 1 -1.91183697099737232e-01 1.00000000000000000e+00 2 0 1 1 2
2 2 2 185 1 0 2 1 6 0 1.66666666666666657e-01 1.66666666666666657e-01 1.66666666666666657e-01 1.66666666666666657e-01 1.66666666666666657e-01 1.66666666666666657e-01 3 0 5 check 7 block_3 6 tableC 1 -2.05179609780368075e+01 1.00000000199999994e+00 8 0 3 1 2
3 3 3 185 1 0 2 2 6 0 0.00000000000000000e+00 0.00000000000000000e+00 0.00000000000000000e+00 0.00000000000000000e+00 5.00000000000000000e-01 5.00000000000000000e-01 3 0 8 put-down 7 block_3 6 tableR 1 -4.65752660095959570e+00 3.33333333333333315e-01 140 0 1 1 2
4 4 4 185 1 0 2 3 6 0 0.00000000000000000e+00 0.00000000000000000e+00 0.00000000000000000e+00 0.00000000000000000e+00 5.00000000000000000e-01 5.00000000000000000e-01 3 0 7 pick-up 7 block_1 6 tableR 1 -1.00924892814647182e+00 1.00000000000000000e+00 294 0 1 1 2
5 5 5 185 1 0 2 4 6 0 0.00000000000000000e+00 0.00000000000000000e+00 0.00000000000000000e+00 0.00000000000000000e+00 5.00000000000000000e-01 5.00000000000000000e-01 3 0 5 check 7 block_1 6 tableC 1 -1.94431486842697296e+01 1.00000000000000000e+00 581 0 2 1 2
6 6 6 185 1 0 2 5 6 0 0.00000000000000000e+00 0.00000000000000000e+00 0.00000000000000000e+00 0.00000000000000000e+00 1.00000000000000000e+00 0.00000000000000000e+00 3 0 5 stack 7 block_1 7 block_3 1 -2.99275978922362418e+00 5.00000000000000000e-01 648 0 1 1 2
7 7 7 185 1 0 2 6 6 0 0.00000000000000000e+00 0.00000000000000000e+00 0.00000000000000000e+00 0.00000000000000000e+00 1.00000000000000000e+00 0.00000000000000000e+00 3 0 7 pick-up 7 block_2 6 tableR 1 -2.55596010250360806e+00 1.00000000000000000e+00 2336 0 1 1 2
8 8 8 185 1 0 2 7 6 0 0.00000000000000000e+00 0.00000000000000000e+00 0.00000000000000000e+00 0.00000000000000000e+00 1.00000000000000000e+00 0.00000000000000000e+00 3 0 5 stack 7 block_2 7 block_1 1 -2.15151675188498537e+01 1.00000000000000000e+00 2610 1 0 1 2
9 9 6 185 1 0 2 5 6 0 0.00000000000000000e+00 0.00000000000000000e+00 0.00000000000000000e+00 0.00000000000000000e+00 0.00000000000000000e+00 1.00000000000000000e+00 3 0 8 put-down 7 block_1 6 tableR 1 -4.39034008015479138e+00 5.00000000000000000e-01 1941 0 1 1 2
10 10 7 185 1 0 2 9 6 0 0.00000000000000000e+00 0.00000000000000000e+00 0.00000000000000000e+00 0.00000000000000000e+00 0.00000000000000000e+00 1.00000000000000000e+00 3 0 7 pick-up 7 block_2 6 tableR 1 -1.84043923678177124e-01 1.00000000000000000e+00 2800 0 1 1 2
11 11 8 185 1 0 2 10 6 0 0.00000000000000000e+00 0.00000000000000000e+00 0.00000000000000000e+00 0.00000000000000000e+00 0.00000000000000000e+00 1.00000000000000000e+00 3 0 5 stack 7 block_2 7 block_3 1 -3.95421725072031549e+00 1.00000000000000000e+00 12870 0 1 1 2
12 12 9 185 1 0 2 11 6 0 0.00000000000000000e+00 0.00000000000000000e+00 0.00000000000000000e+00 0.00000000000000000e+00 0.00000000000000000e+00 1.00000000000000000e+00 3 0 7 pick-up 7 block_1 6 tableR 1 -6.27275723583541001e-01 1.00000000000000000e+00 22483 0 1 1 2
13 13 10 185 1 0 2 12 6 0 0.00000000000000000e+00 0.00000000000000000e+00 0.00000000000000000e+00 0.00000000000000000e+00 0.00000000000000000e+00 1.00000000000000000e+00 3 0 5 stack 7 block_1 7 block_2 1 -1.05892600767318057e+00 1.00000000000000000e+00 23674 1 0 1 2
14 14 3 185 1 0 2 2 6 0 0.00000000000000000e+00 5.00000000000000000e-01 0.00000000000000000e+00 5.00000000000000000e-01 0.00000000000000000e+00 0.00000000000000000e+00 3 0 5 stack 7 block_3 7 block_2 1 -6.55857423561861363e+00 3.33333333333333315e-01 22 0 1 1 2
15 15 4 185 1 0 2 14 6 0 0.00000000000000000e+00 5.00000000000000000e-01 0.00000000000000000e+00 5.00000000000000000e-01 0.00000000000000000e+00 0.00000000000000000e+00 3 0 7 pick-up 7 block_1 6 tableR 1 -4.57829170223752857e-01 1.00000000000000000e+00 319 0 1 1 2
16 16 5 185 1 0 2 15 6 0 0.00000000000000000e+00 5.00000000000000000e-01 0.00000000000000000e+00 5.00000000000000000e-01 0.00000000000000000e+00 0.00000000000000000e+00 3 0 5 check 7 block_1 6 tableC 1 -9.97217868767382853e+00 1.00000000000000000e+00 557 0 2 1 2
17 17 6 185 1 0 2 16 6 0 0.00000000000000000e+00 1.00000000000000000e+00 0.00000000000000000e+00 0.00000000000000000e+00 0.00000000000000000e+00 0.00000000000000000e+00 3 0 8 put-down 7 block_1 6 tableR 1 -4.38850665695181519e+00 5.00000000000000000e-01 576 0 1 1 2
18 18 7 185 1 0 2 17 6 0 0.00000000000000000e+00 1.00000000000000000e+00 0.00000000000000000e+00 0.00000000000000000e+00 0.00000000000000000e+00 0.00000000000000000e+00 3 0 7 unstack 7 block_3 7 block_2 1 -1.68289361509679603e-01 1.00000000000000000e+00 2591 0 1 1 2
19 19 8 185 1 0 2 18 6 0 0.00000000000000000e+00 1.00000000000000000e+00 0.00000000000000000e+00 0.00000000000000000e+00 0.00000000000000000e+00 0.00000000000000000e+00 3 0 5 stack 7 block_3 7 block_1 1 -2.90298793552295020e+00 1.00000000000000000e+00 5347 0 1 1 2
20 20 9 185 1 0 2 19 6 0 0.00000000000000000e+00 1.00000000000000000e+00 0.00000000000000000e+00 0.00000000000000000e+00 0.00000000000000000e+00 0.00000000000000000e+00 3 0 7 pick-up 7 block_2 6 tableR 1 -6.49340075561434138e-01 1.00000000000000000e+00 18206 0 1 1 2
21 21 10 185 1 0 2 20 6 0 0.00000000000000000e+00 1.00000000000000000e+00 0.00000000000000000e+00 0.00000000000000000e+00 0.00000000000000000e+00 0.00000000000000000e+00 3 0 5 stack 7 block_2 7 block_3 1 -5.68403509251773009e+00 1.00000000000000000e+00 18990 1 0 1 2
22 22 6 185 1 0 2 16 6 0 0.00000000000000000e+00 0.00000000000000000e+00 0.00000000000000000e+00 1.00000000000000000e+00 0.00000000000000000e+00 0.00000000000000000e+00 3 0 5 stack 7 block_1 7 block_3 1 -6.46530912678994607e+00 5.00000000000000000e-01 2839 1 0 1 2
23 23 3 185 1 0 2 2 6 0 5.00000000000000000e-01 0.00000000000000000e+00 5.00000000000000000e-01 0.00000000000000000e+00 0.00000000000000000e+00 0.00000000000000000e+00 3 0 8 put-down 7 block_3 6 tableR 1 -4.68000351072672149e+00 3.33333333333333315e-01 44 0 1 1 2
24 24 4 185 1 0 2 23 6 0 5.00000000000000000e-01 0.00000000000000000e+00 5.00000000000000000e-01 0.00000000000000000e+00 0.00000000000000000e+00 0.00000000000000000e+00 3 0 7 pick-up 7 block_1 6 tableR 1 -9.85879011334282684e-01 1.00000000000000000e+00 127 0 1 1 2
25 25 5 185 1 0 2 24 6 0 5.00000000000000000e-01 0.00000000000000000e+00 5.00000000000000000e-01 0.00000000000000000e+00 0.00000000000000000e+00 0.00000000000000000e+00 3 0 5 check 7 block_1 6 tableC 1 -1.92026451495455603e+01 1.00000000000000000e+00 217 0 2 1 2
26 26 6 185 1 0 2 25 6 0 1.00000000000000000e+00 0.00000000000000000e+00 0.00000000000000000e+00 0.00000000000000000e+00 0.00000000000000000e+00 0.00000000000000000e+00 3 0 8 put-down 7 block_1 6 tableR 1 -4.39038177704596588e+00 5.00000000000000000e-01 2545 0 1 1 2
27 27 7 185 1 0 2 26 6 0 1.00000000000000000e+00 0.00000000000000000e+00 0.00000000000000000e+00 0.00000000000000000e+00 0.00000000000000000e+00 0.00000000000000000e+00 3 0 7 pick-up 7 block_2 6 tableR 1 -1.62445582288703316e-01 1.00000000000000000e+00 3579 0 1 1 2
28 28 8 185 1 0 2 27 6 0 1.00000000000000000e+00 0.00000000000000000e+00 0.00000000000000000e+00 0.00000000000000000e+00 0.00000000000000000e+00 0.00000000000000000e+00 3 0 5 stack 7 block_2 7 block_1 1 -3.07283605145524774e+00 1.00000000000000000e+00 15764 0 1 1 2
29 29 9 185 1 0 2 28 6 0 1.00000000000000000e+00 0.00000000000000000e+00 0.00000000000000000e+00 0.00000000000000000e+00 0.00000000000000000e+00 0.00000000000000000e+00 3 0 7 pick-up 7 block_3 6 tableR 1 -2.77566451576373163e-01 1.00000000000000000e+00 22383 0 1 1 2
30 30 10 185 1 0 2 29 6 0 1.00000000000000000e+00 0.00000000000000000e+00 0.00000000000000000e+00 0.00000000000000000e+00 0.00000000000000000e+00 0.00000000000000000e+00 3 0 5 stack 7 block_3 7 block_2 1 -2.01016715882155816e+00 1.00000000000000000e+00 24348 1 0 1 2
31 31 6 185 1 0 2 25 6 0 0.00000000000000000e+00 0.00000000000000000e+00 1.00000000000000000e+00 0.00000000000000000e+00 0.00000000000000000e+00 0.00000000000000000e+00 3 0 5 stack 7 block_1 7 block_2 1 -6.52818063523838088e+00 5.00000000000000000e-01 1084 0 1 1 2
32 32 7 185 1 0 2 31 6 0 0.00000000000000000e+00 0.00000000000000000e+00 1.00000000000000000e+00 0.00000000000000000e+00 0.00000000000000000e+00 0.00000000000000000e+00 3 0 7 pick-up 7 block_3 6 tableR 1 -4.02088209021707943e-01 1.00000000000000000e+00 3338 0 1 1 2
33 33 8 185 1 0 2 32 6 0 0.00000000000000000e+00 0.00000000000000000e+00 1.00000000000000000e+00 0.00000000000000000e+00 0.00000000000000000e+00 0.00000000000000000e+00 3 0 5 stack 7 block_3 7 block_1 1 -4.11399005330737977e-01 1.00000000000000000e+00 13848 1 0 1 6 0 2 22 2 8 2 33 2 13 2 21 2 30 -5.54968600312506339e+01 0 0 0 0 0 0 0 0 0 0
