22 serialization::archive 17 0 0 13 0 1 2 1 0
0 0 0 137 0 0 0 0 0 0 6 0 1.66666666999999991e-01 1.66666666999999991e-01 1.66666666999999991e-01 1.66666666999999991e-01 1.66666666999999991e-01 1.66666666999999991e-01 0 0 0 0 0 0.00000000000000000e+00 0.00000000000000000e+00 0 0 0 0 1 1 2
1 1 1 137 1 0 0 0 2 0 6 0 1.66666666999999991e-01 1.66666666999999991e-01 1.66666666999999991e-01 1.66666666999999991e-01 1.66666666999999991e-01 1.66666666999999991e-01 4 0 5 check 7 block_1 6 side_0 5 FALSE 1 -8.90485043123297015e-01 1.00000000000000000e+00 1 0 2 1 2
2 2 2 137 1 0 2 1 6 0 0.00000000000000000e+00 2.00000000000000011e-01 2.00000000000000011e-01 2.00000000000000011e-01 2.00000000000000011e-01 2.00000000000000011e-01 4 0 5 check 7 block_1 6 side_4 5 FALSE 1 -2.61130644518665811e+00 8.33333335000000064e-01 11 0 2 1 2
3 3 3 137 1 0 2 2 6 0 0.00000000000000000e+00 2.50000000000000000e-01 2.50000000000000000e-01 2.50000000000000000e-01 0.00000000000000000e+00 2.50000000000000000e-01 4 0 5 check 7 block_1 6 side_1 5 FALSE 1 -5.73399950078230858e-01 8.00000000000000044e-01 117 0 2 1 2
4 4 4 137 1 0 2 3 6 0 0.00000000000000000e+00 0.00000000000000000e+00 3.33333333333333315e-01 3.33333333333333315e-01 0.00000000000000000e+00 3.33333333333333315e-01 4 0 5 check 7 block_1 6 side_2 5 FALSE 1 -6.97637913157807432e-01 7.50000000000000000e-01 406 0 2 1 2
5 5 5 137 1 0 2 4 6 0 0.00000000000000000e+00 0.00000000000000000e+00 0.00000000000000000e+00 5.00000000000000000e-01 0.00000000000000000e+00 5.00000000000000000e-01 4 0 5 check 7 block_1 6 side_3 5 FALSE 1 -8.79037543232689123e-01 6.66666666666666630e-01 527 0 2 1 2
6 6 6 137 1 0 2 5 6 0 0.00000000000000000e+00 0.00000000000000000e+00 0.00000000000000000e+00 0.00000000000000000e+00 0.00000000000000000e+00 1.00000000000000000e+00 6 0 7 pick-up 7 block_1 6 tableC 5 FALSE 6 side_5 5 FALSE 1 -3.74524339315823074e-01 5.00000000000000000e-01 1351 0 1 1 2
7 7 7 137 1 0 2 6 6 0 0.00000000000000000e+00 0.00000000000000000e+00 0.00000000000000000e+00 0.00000000000000000e+00 0.00000000000000000e+00 1.00000000000000000e+00 5 0 16 put-down-flipped 7 block_1 6 tableC 6 side_5 5 FALSE 1 -6.48997185295151713e+00 1.00000000000000000e+00 2341 0 1 1 2
8 8 8 137 1 0 2 7 6 0 0.00000000000000000e+00 0.00000000000000000e+00 0.00000000000000000e+00 0.00000000000000000e+00 0.00000000000000000e+00 1.00000000000000000e+00 4 0 5 check 7 block_1 6 side_5 4 TRUE 1 -3.05667586403778779e+00 1.00000000000000000e+00 2453 0 1 1 2
9 9 9 137 1 0 2 8 6 0 0.00000000000000000e+00 0.00000000000000000e+00 0.00000000000000000e+00 0.00000000000000000e+00 0.00000000000000000e+00 1.00000000000000000e+00 6 0 7 pick-up 7 block_1 6 tableC 4 TRUE 6 side_5 4 TRUE 1 -4.78179499236479089e+00 1.00000000000000000e+00 2618 1 0 1 2
10 10 6 137 1 0 2 5 6 0 0.00000000000000000e+00 0.00000000000000000e+00 0.00000000000000000e+00 1.00000000000000000e+00 0.00000000000000000e+00 0.00000000000000000e+00 6 0 7 pick-up 7 block_1 6 tableC 5 FALSE 6 side_3 5 FALSE 1 -1.07461570032567710e+00 5.00000000000000000e-01 1210 0 1 1 2
11 11 7 137 1 0 2 10 6 0 0.00000000000000000e+00 0.00000000000000000e+00 0.00000000000000000e+00 1.00000000000000000e+00 0.00000000000000000e+00 0.00000000000000000e+00 5 0 8 put-down 7 block_1 6 tableC 6 side_3 4 TRUE 1 -3.21511694047166046e+01 1.00000000000000000e+00 1776 1 0 1 2
12 12 5 137 1 0 2 4 6 0 0.00000000000000000e+00 0.00000000000000000e+00 1.00000000000000000e+00 0.00000000000000000e+00 0.00000000000000000e+00 0.00000000000000000e+00 6 0 7 pick-up 7 block_1 6 tableC 5 FALSE 6 side_2 5 FALSE 1 -3.01271708246199399e+00 3.33333333333333315e-01 1572 0 1 1 2
13 13 6 137 1 0 2 12 6 0 0.00000000000000000e+00 0.00000000000000000e+00 1.00000000000000000e+00 0.00000000000000000e+00 0.00000000000000000e+00 0.00000000000000000e+00 5 0 8 put-down 7 block_1 6 tableC 6 side_2 4 TRUE 1 -2.21963907150661370e+01 1.00000000000000000e+00 1955 1 0 1 2
14 14 4 137 1 0 2 3 6 0 0.00000000000000000e+00 1.00000000000000000e+00 0.00000000000000000e+00 0.00000000000000000e+00 0.00000000000000000e+00 0.00000000000000000e+00 6 0 7 pick-up 7 block_1 6 tableC 5 FALSE 6 side_1 4 TRUE 1 -7.62002316322034856e-01 2.50000000000000000e-01 206 1 0 1 2
15 15 3 137 1 0 2 2 6 0 0.00000000000000000e+00 0.00000000000000000e+00 0.00000000000000000e+00 0.00000000000000000e+00 1.00000000000000000e+00 0.00000000000000000e+00 6 0 7 pick-up 7 block_1 6 tableC 5 FALSE 6 side_4 5 FALSE 1 -8.50651646309371512e-01 2.00000000000000011e-01 363 0 1 1 2
16 16 4 137 1 0 2 15 6 0 0.00000000000000000e+00 0.00000000000000000e+00 0.00000000000000000e+00 0.00000000000000000e+00 1.00000000000000000e+00 0.00000000000000000e+00 5 0 16 put-down-flipped 7 block_1 6 tableC 6 side_4 4 TRUE 1 -4.30312225572308282e+00 1.00000000000000000e+00 613 1 0 1 2
17 17 2 137 1 0 2 1 6 0 1.00000000000000000e+00 0.00000000000000000e+00 0.00000000000000000e+00 0.00000000000000000e+00 0.00000000000000000e+00 0.00000000000000000e+00 6 0 7 pick-up 7 block_1 6 tableC 5 FALSE 6 side_0 5 FALSE 1 -1.18773917873213231e+00 1.66666666999999991e-01 138 0 1 1 2
18 18 3 137 1 0 2 17 6 0 1.00000000000000000e+00 0.00000000000000000e+00 0.00000000000000000e+00 0.00000000000000000e+00 0.00000000000000000e+00 0.00000000000000000e+00 5 0 8 put-down 7 block_1 6 tableC 6 side_0 4 TRUE 1 -3.43489855771251884e+00 1.00000000000000000e+00 216 1 0 1 6 0 2 18 2 14 2 16 2 13 2 11 2 9 -1.80367175371198449e+01 0 0 0 0 0 0 0 0 0 0
