22 serialization::archive 17 0 0 1 0 1 2 1 0
0 0 0 17 0 0 0 0 0 0 6 0 1.66666666999999991e-01 1.66666666999999991e-01 1.66666666999999991e-01 1.66666666999999991e-01 1.66666666999999991e-01 1.66666666999999991e-01 0 0 0 0 0 0.00000000000000000e+00 0.00000000000000000e+00 0 0 0 0 1 1 2
1 1 1 17 1 0 0 0 2 0 6 0 1.66666666999999991e-01 1.66666666999999991e-01 1.66666666999999991e-01 1.66666666999999991e-01 1.66666666999999991e-01 1.66666666999999991e-01 3 0 7 pick-up 7 block_2 6 tableR 1 -1.92740922185134639e-01 1.00000000000000000e+00 1 0 1 1 2
2 2 2 17 1 0 2 1 6 0 1.66666666666666657e-01 1.66666666666666657e-01 1.66666666666666657e-01 1.66666666666666657e-01 1.66666666666666657e-01 1.66666666666666657e-01 3 0 5 check 7 block_2 6 tableC 1 -1.95585981644386386e+01 1.00000000199999994e+00 4 0 3 1 2
3 3 3 17 1 0 2 2 6 0 0.00000000000000000e+00 0.00000000000000000e+00 5.00000000000000000e-01 5.00000000000000000e-01 0.00000000000000000e+00 0.00000000000000000e+00 3 0 8 put-down 7 block_2 6 tableR 1 -4.88309753456525897e+00 3.33333333333333315e-01 83 0 1 1 2
4 4 4 17 1 0 2 3 6 0 0.00000000000000000e+00 0.00000000000000000e+00 5.00000000000000000e-01 5.00000000000000000e-01 0.00000000000000000e+00 0.00000000000000000e+00 3 0 7 unstack 7 block_3 7 block_1 1 -4.83947804634592360e-01 1.00000000000000000e+00 176 0 1 1 2
5 5 5 17 1 0 2 4 6 0 0.00000000000000000e+00 0.00000000000000000e+00 5.00000000000000000e-01 5.00000000000000000e-01 0.00000000000000000e+00 0.00000000000000000e+00 3 0 5 check 7 block_3 6 tableC 1 -1.70355982452236532e+01 1.00000000000000000e+00 430 0 2 1 2
6 6 6 17 1 0 2 5 6 0 0.00000000000000000e+00 0.00000000000000000e+00 0.00000000000000000e+00 1.00000000000000000e+00 0.00000000000000000e+00 0.00000000000000000e+00 3 0 5 stack 7 block_3 7 block_2 1 -2.81306420768482379e+00 5.00000000000000000e-01 634 0 1 1 2
7 7 7 17 1 0 2 6 6 0 0.00000000000000000e+00 0.00000000000000000e+00 0.00000000000000000e+00 1.00000000000000000e+00 0.00000000000000000e+00 0.00000000000000000e+00 3 0 7 pick-up 7 block_1 6 tableR 1 -9.24952457353588331e-01 1.00000000000000000e+00 3811 0 1 1 2
8 8 8 17 1 0 2 7 6 0 0.00000000000000000e+00 0.00000000000000000e+00 0.00000000000000000e+00 1.00000000000000000e+00 0.00000000000000000e+00 0.00000000000000000e+00 3 0 5 check 7 block_1 6 tableC 1 -2.24231747698801911e+01 1.00000000000000000e+00 3946 0 1 1 2
9 9 9 17 1 0 2 8 6 0 0.00000000000000000e+00 0.00000000000000000e+00 0.00000000000000000e+00 1.00000000000000000e+00 0.00000000000000000e+00 0.00000000000000000e+00 3 0 5 stack 7 block_1 7 block_3 1 -2.90201655318637153e+00 1.00000000000000000e+00 11075 1 0 1 2
10 10 6 17 1 0 2 5 6 0 0.00000000000000000e+00 0.00000000000000000e+00 1.00000000000000000e+00 0.00000000000000000e+00 0.00000000000000000e+00 0.00000000000000000e+00 3 0 8 put-down 7 block_3 6 tableR 1 -4.07815873678597196e+00 5.00000000000000000e-01 2570 0 1 1 2
11 11 7 17 1 0 2 10 6 0 0.00000000000000000e+00 0.00000000000000000e+00 1.00000000000000000e+00 0.00000000000000000e+00 0.00000000000000000e+00 0.00000000000000000e+00 3 0 7 pick-up 7 block_1 6 tableR 1 -2.50855019871109164e+00 1.00000000000000000e+00 4254 0 1 1 2
12 12 8 17 1 0 2 11 6 0 0.00000000000000000e+00 0.00000000000000000e+00 1.00000000000000000e+00 0.00000000000000000e+00 0.00000000000000000e+00 0.00000000000000000e+00 3 0 5 check 7 block_1 6 tableC 1 -3.62467769678505078e+01 1.00000000000000000e+00 11759 0 1 1 2
13 13 9 17 1 0 2 12 6 0 0.00000000000000000e+00 0.00000000000000000e+00 1.00000000000000000e+00 0.00000000000000000e+00 0.00000000000000000e+00 0.00000000000000000e+00 3 0 5 stack 7 block_1 7 block_2 1 -2.85461527635475099e+00 1.00000000000000000e+00 25084 0 1 1 2
14 14 10 17 1 0 2 13 6 0 0.00000000000000000e+00 0.00000000000000000e+00 1.00000000000000000e+00 0.00000000000000000e+00 0.00000000000000000e+00 0.00000000000000000e+00 3 0 7 pick-up 7 block_3 6 tableR 1 -2.55625091591376474e-01 1.00000000000000000e+00 121363 0 1 1 2
15 15 11 17 1 0 2 14 6 0 0.00000000000000000e+00 0.00000000000000000e+00 1.00000000000000000e+00 0.00000000000000000e+00 0.00000000000000000e+00 0.00000000000000000e+00 3 0 5 stack 7 block_3 7 block_1 1 -4.12032605623654569e-01 1.00000000000000000e+00 130832 1 0 1 2
16 16 3 17 1 0 2 2 6 0 5.00000000000000000e-01 0.00000000000000000e+00 0.00000000000000000e+00 0.00000000000000000e+00 0.00000000000000000e+00 5.00000000000000000e-01 3 0 8 put-down 7 block_2 6 tableR 1 -4.86566274216190564e+00 3.33333333333333315e-01 15 0 1 1 2
17 17 4 17 1 0 2 16 6 0 5.00000000000000000e-01 0.00000000000000000e+00 0.00000000000000000e+00 0.00000000000000000e+00 0.00000000000000000e+00 5.00000000000000000e-01 3 0 7 unstack 7 block_3 7 block_1 1 -4.82432590442351650e-01 1.00000000000000000e+00 53 0 1 1 2
18 18 5 17 1 0 2 17 6 0 5.00000000000000000e-01 0.00000000000000000e+00 0.00000000000000000e+00 0.00000000000000000e+00 0.00000000000000000e+00 5.00000000000000000e-01 3 0 5 check 7 block_3 6 tableC 1 -1.69916714655864460e+01 1.00000000000000000e+00 373 0 2 1 2
19 19 6 17 1 0 2 18 6 0 0.00000000000000000e+00 0.00000000000000000e+00 0.00000000000000000e+00 0.00000000000000000e+00 0.00000000000000000e+00 1.00000000000000000e+00 3 0 8 put-down 7 block_3 6 tableR 1 -4.08530343034059396e+00 5.00000000000000000e-01 1673 0 1 1 2
20 20 7 17 1 0 2 19 6 0 0.00000000000000000e+00 0.00000000000000000e+00 0.00000000000000000e+00 0.00000000000000000e+00 0.00000000000000000e+00 1.00000000000000000e+00 3 0 7 pick-up 7 block_2 6 tableR 1 -1.89435745381718701e-01 1.00000000000000000e+00 4833 0 1 1 2
21 21 8 17 1 0 2 20 6 0 0.00000000000000000e+00 0.00000000000000000e+00 0.00000000000000000e+00 0.00000000000000000e+00 0.00000000000000000e+00 1.00000000000000000e+00 3 0 5 stack 7 block_2 7 block_3 1 -2.60569651055233720e-01 1.00000000000000000e+00 12278 0 1 1 2
22 22 9 17 1 0 2 21 6 0 0.00000000000000000e+00 0.00000000000000000e+00 0.00000000000000000e+00 0.00000000000000000e+00 0.00000000000000000e+00 1.00000000000000000e+00 3 0 7 pick-up 7 block_1 6 tableR 1 -2.50685926730749298e+00 1.00000000000000000e+00 43451 0 1 1 2
23 23 10 17 1 0 2 22 6 0 0.00000000000000000e+00 0.00000000000000000e+00 0.00000000000000000e+00 0.00000000000000000e+00 0.00000000000000000e+00 1.00000000000000000e+00 3 0 5 check 7 block_1 6 tableC 1 -3.60398916830562683e+01 1.00000000000000000e+00 44903 0 1 1 2
24 24 11 17 1 0 2 23 6 0 0.00000000000000000e+00 0.00000000000000000e+00 0.00000000000000000e+00 0.00000000000000000e+00 0.00000000000000000e+00 1.00000000000000000e+00 3 0 5 stack 7 block_1 7 block_2 1 -4.79317180442318236e+00 1.00000000000000000e+00 48145 1 0 1 2
25 25 6 17 1 0 2 18 6 0 1.00000000000000000e+00 0.00000000000000000e+00 0.00000000000000000e+00 0.00000000000000000e+00 0.00000000000000000e+00 0.00000000000000000e+00 3 0 8 put-down 7 block_3 6 tableR 1 -4.10167486930133141e+00 5.00000000000000000e-01 728 0 1 1 2
26 26 7 17 1 0 2 25 6 0 1.00000000000000000e+00 0.00000000000000000e+00 0.00000000000000000e+00 0.00000000000000000e+00 0.00000000000000000e+00 0.00000000000000000e+00 3 0 7 pick-up 7 block_1 6 tableR 1 -2.56485134927769565e+00 1.00000000000000000e+00 2421 0 1 1 2
27 27 8 17 1 0 2 26 6 0 1.00000000000000000e+00 0.00000000000000000e+00 0.00000000000000000e+00 0.00000000000000000e+00 0.00000000000000000e+00 0.00000000000000000e+00 3 0 5 check 7 block_1 6 tableC 1 -3.62931732085432870e+01 1.00000000000000000e+00 5313 0 1 1 2
28 28 9 17 1 0 2 27 6 0 1.00000000000000000e+00 0.00000000000000000e+00 0.00000000000000000e+00 0.00000000000000000e+00 0.00000000000000000e+00 0.00000000000000000e+00 3 0 8 put-down 7 block_1 6 tableR 1 -4.35604283570784467e+00 1.00000000000000000e+00 23034 0 1 1 2
29 29 10 17 1 0 2 28 6 0 1.00000000000000000e+00 0.00000000000000000e+00 0.00000000000000000e+00 0.00000000000000000e+00 0.00000000000000000e+00 0.00000000000000000e+00 3 0 7 pick-up 7 block_2 6 tableR 1 -8.85249152105552328e-01 1.00000000000000000e+00 111349 0 1 1 2
30 30 11 17 1 0 2 29 6 0 1.00000000000000000e+00 0.00000000000000000e+00 0.00000000000000000e+00 0.00000000000000000e+00 0.00000000000000000e+00 0.00000000000000000e+00 3 0 5 stack 7 block_2 7 block_1 1 -1.24958359434168287e+00 1.00000000000000000e+00 217382 0 1 1 2
31 31 12 17 1 0 2 30 6 0 1.00000000000000000e+00 0.00000000000000000e+00 0.00000000000000000e+00 0.00000000000000000e+00 0.00000000000000000e+00 0.00000000000000000e+00 3 0 7 pick-up 7 block_3 6 tableR 1 -1.10552252567201137e-01 1.00000000000000000e+00 410075 0 1 1 2
32 32 13 17 1 0 2 31 6 0 1.00000000000000000e+00 0.00000000000000000e+00 0.00000000000000000e+00 0.00000000000000000e+00 0.00000000000000000e+00 0.00000000000000000e+00 3 0 5 stack 7 block_3 7 block_2 1 -7.06277238308055888e-01 1.00000000000000000e+00 415615 1 0 1 2
33 33 3 17 1 0 2 2 6 0 0.00000000000000000e+00 5.00000000000000000e-01 0.00000000000000000e+00 0.00000000000000000e+00 5.00000000000000000e-01 0.00000000000000000e+00 3 0 8 put-down 7 block_2 6 tableR 1 -4.82903399592894367e+00 3.33333333333333315e-01 59 0 1 1 2
34 34 4 17 1 0 2 33 6 0 0.00000000000000000e+00 5.00000000000000000e-01 0.00000000000000000e+00 0.00000000000000000e+00 5.00000000000000000e-01 0.00000000000000000e+00 3 0 7 unstack 7 block_3 7 block_1 1 -4.81457477569472769e-01 1.00000000000000000e+00 162 0 1 1 2
35 35 5 17 1 0 2 34 6 0 0.00000000000000000e+00 5.00000000000000000e-01 0.00000000000000000e+00 0.00000000000000000e+00 5.00000000000000000e-01 0.00000000000000000e+00 3 0 5 check 7 block_3 6 tableC 1 -1.70362227086354139e+01 1.00000000000000000e+00 411 0 2 1 2
36 36 6 17 1 0 2 35 6 0 0.00000000000000000e+00 0.00000000000000000e+00 0.00000000000000000e+00 0.00000000000000000e+00 1.00000000000000000e+00 0.00000000000000000e+00 3 0 8 put-down 7 block_3 6 tableR 1 -4.05871060691689944e+00 5.00000000000000000e-01 518 0 1 1 2
37 37 7 17 1 0 2 36 6 0 0.00000000000000000e+00 0.00000000000000000e+00 0.00000000000000000e+00 0.00000000000000000e+00 1.00000000000000000e+00 0.00000000000000000e+00 3 0 7 pick-up 7 block_1 6 tableR 1 -1.94863055309133837e+00 1.00000000000000000e+00 3695 0 1 1 2
38 38 8 17 1 0 2 37 6 0 0.00000000000000000e+00 0.00000000000000000e+00 0.00000000000000000e+00 0.00000000000000000e+00 1.00000000000000000e+00 0.00000000000000000e+00 3 0 5 check 7 block_1 6 tableC 1 -3.27536756556360302e+01 1.00000000000000000e+00 10258 0 1 1 2
39 39 9 17 1 0 2 38 6 0 0.00000000000000000e+00 0.00000000000000000e+00 0.00000000000000000e+00 0.00000000000000000e+00 1.00000000000000000e+00 0.00000000000000000e+00 3 0 5 stack 7 block_1 7 block_3 1 -4.05419348968648663e+00 1.00000000000000000e+00 15284 0 1 1 2
40 40 10 17 1 0 2 39 6 0 0.00000000000000000e+00 0.00000000000000000e+00 0.00000000000000000e+00 0.00000000000000000e+00 1.00000000000000000e+00 0.00000000000000000e+00 3 0 7 pick-up 7 block_2 6 tableR 1 -3.44626428542162633e-01 1.00000000000000000e+00 210881 0 1 1 2
41 41 11 17 1 0 2 40 6 0 0.00000000000000000e+00 0.00000000000000000e+00 0.00000000000000000e+00 0.00000000000000000e+00 1.00000000000000000e+00 0.00000000000000000e+00 3 0 5 stack 7 block_2 7 block_1 1 -3.07851437986838283e-01 1.00000000000000000e+00 212819 1 0 1 2
42 42 6 17 1 0 2 35 6 0 0.00000000000000000e+00 1.00000000000000000e+00 0.00000000000000000e+00 0.00000000000000000e+00 0.00000000000000000e+00 0.00000000000000000e+00 3 0 5 stack 7 block_3 7 block_2 1 -2.78757718554904876e+00 5.00000000000000000e-01 2193 0 1 1 2
43 43 7 17 1 0 2 42 6 0 0.00000000000000000e+00 1.00000000000000000e+00 0.00000000000000000e+00 0.00000000000000000e+00 0.00000000000000000e+00 0.00000000000000000e+00 3 0 7 pick-up 7 block_1 6 tableR 1 -9.01742804238794049e-01 1.00000000000000000e+00 10534 0 1 1 2
44 44 8 17 1 0 2 43 6 0 0.00000000000000000e+00 1.00000000000000000e+00 0.00000000000000000e+00 0.00000000000000000e+00 0.00000000000000000e+00 0.00000000000000000e+00 3 0 5 check 7 block_1 6 tableC 1 -2.22395428760920524e+01 1.00000000000000000e+00 20207 0 1 1 2
45 45 9 17 1 0 2 44 6 0 0.00000000000000000e+00 1.00000000000000000e+00 0.00000000000000000e+00 0.00000000000000000e+00 0.00000000000000000e+00 0.00000000000000000e+00 3 0 8 put-down 7 block_1 6 tableR 1 -4.34427884615628646e+00 1.00000000000000000e+00 21674 0 1 1 2
46 46 10 17 1 0 2 45 6 0 0.00000000000000000e+00 1.00000000000000000e+00 0.00000000000000000e+00 0.00000000000000000e+00 0.00000000000000000e+00 0.00000000000000000e+00 3 0 7 unstack 7 block_3 7 block_2 1 -8.43632225721008822e-01 1.00000000000000000e+00 78230 0 1 1 2
47 47 11 17 1 0 2 46 6 0 0.00000000000000000e+00 1.00000000000000000e+00 0.00000000000000000e+00 0.00000000000000000e+00 0.00000000000000000e+00 0.00000000000000000e+00 3 0 5 stack 7 block_3 7 block_1 1 -7.12462883583841466e-01 1.00000000000000000e+00 196342 0 1 1 2
48 48 12 17 1 0 2 47 6 0 0.00000000000000000e+00 1.00000000000000000e+00 0.00000000000000000e+00 0.00000000000000000e+00 0.00000000000000000e+00 0.00000000000000000e+00 3 0 7 pick-up 7 block_2 6 tableR 1 -1.71520302650534806e-01 1.00000000000000000e+00 200732 0 1 1 2
49 49 13 17 1 0 2 48 6 0 0.00000000000000000e+00 1.00000000000000000e+00 0.00000000000000000e+00 0.00000000000000000e+00 0.00000000000000000e+00 0.00000000000000000e+00 3 0 5 stack 7 block_2 7 block_3 1 -2.24901016196326964e+00 1.00000000000000000e+00 207800 1 0 1 6 0 2 9 2 15 2 24 2 41 2 32 2 49 -8.39942238432350905e+01 0 0 0 0 0 0 0 0 0 0
