22 serialization::archive 17 0 0 8 0 1 2 1 0
0 0 0 87 0 0 0 0 0 0 6 0 1.66666666999999991e-01 1.66666666999999991e-01 1.66666666999999991e-01 1.66666666999999991e-01 1.66666666999999991e-01 1.66666666999999991e-01 0 0 0 0 0 0.00000000000000000e+00 0.00000000000000000e+00 0 0 0 0 1 1 2
1 1 1 87 1 0 0 0 2 0 6 0 1.66666666999999991e-01 1.66666666999999991e-01 1.66666666999999991e-01 1.66666666999999991e-01 1.66666666999999991e-01 1.66666666999999991e-01 3 0 7 pick-up 7 block_2 6 tableR 1 -1.57956882694431644e-01 1.00000000000000000e+00 1 0 1 1 2
2 2 2 87 1 0 2 1 6 0 1.66666666666666657e-01 1.66666666666666657e-01 1.66666666666666657e-01 1.66666666666666657e-01 1.66666666666666657e-01 1.66666666666666657e-01 3 0 5 check 7 block_2 6 tableC 1 -1.94574699029796072e+01 1.00000000199999994e+00 4 0 3 1 2
3 3 3 87 1 0 2 2 6 0 0.00000000000000000e+00 0.00000000000000000e+00 5.00000000000000000e-01 5.00000000000000000e-01 0.00000000000000000e+00 0.00000000000000000e+00 3 0 8 put-down 7 block_2 6 tableR 1 -2.36603950271061558e+00 3.33333333333333315e-01 83 0 1 1 2
4 4 4 87 1 0 2 3 6 0 0.00000000000000000e+00 0.00000000000000000e+00 5.00000000000000000e-01 5.00000000000000000e-01 0.00000000000000000e+00 0.00000000000000000e+00 3 0 7 unstack 7 block_3 7 block_1 1 -1.13998742459500302e+00 1.00000000000000000e+00 176 0 1 1 2
5 5 5 87 1 0 2 4 6 0 0.00000000000000000e+00 0.00000000000000000e+00 5.00000000000000000e-01 5.00000000000000000e-01 0.00000000000000000e+00 0.00000000000000000e+00 3 0 5 check 7 block_3 6 tableC 1 -1.74109117938988227e+01 1.00000000000000000e+00 430 0 2 1 2
6 6 6 87 1 0 2 5 6 0 0.00000000000000000e+00 0.00000000000000000e+00 0.00000000000000000e+00 1.00000000000000000e+00 0.00000000000000000e+00 0.00000000000000000e+00 3 0 5 stack 7 block_3 7 block_2 1 -2.27899425744248729e+00 5.00000000000000000e-01 634 0 1 1 2
7 7 7 87 1 0 2 6 6 0 0.00000000000000000e+00 0.00000000000000000e+00 0.00000000000000000e+00 1.00000000000000000e+00 0.00000000000000000e+00 0.00000000000000000e+00 3 0 7 pick-up 7 block_1 6 tableR 1 -1.26058006223785823e+00 1.00000000000000000e+00 3811 0 1 1 2
8 8 8 87 1 0 2 7 6 0 0.00000000000000000e+00 0.00000000000000000e+00 0.00000000000000000e+00 1.00000000000000000e+00 0.00000000000000000e+00 0.00000000000000000e+00 3 0 5 stack 7 block_1 7 block_3 1 -1.00265347921841155e+01 1.00000000000000000e+00 3948 0 1 1 2
9 9 9 87 1 0 2 8 6 0 0.00000000000000000e+00 0.00000000000000000e+00 0.00000000000000000e+00 1.00000000000000000e+00 0.00000000000000000e+00 0.00000000000000000e+00 3 0 7 unstack 7 block_1 7 block_3 1 -6.42690952743417698e-02 1.00000000000000000e+00 15667 0 1 1 2
10 10 10 87 1 0 2 9 6 0 0.00000000000000000e+00 0.00000000000000000e+00 0.00000000000000000e+00 1.00000000000000000e+00 0.00000000000000000e+00 0.00000000000000000e+00 3 0 5 check 7 block_1 6 tableC 1 -4.26456709862701455e+00 1.00000000000000000e+00 20230 0 1 1 2
11 11 11 87 1 0 2 10 6 0 0.00000000000000000e+00 0.00000000000000000e+00 0.00000000000000000e+00 1.00000000000000000e+00 0.00000000000000000e+00 0.00000000000000000e+00 3 0 5 stack 7 block_1 7 block_3 1 -2.60905530147387532e+00 1.00000000000000000e+00 20971 1 0 1 2
12 12 6 87 1 0 2 5 6 0 0.00000000000000000e+00 0.00000000000000000e+00 1.00000000000000000e+00 0.00000000000000000e+00 0.00000000000000000e+00 0.00000000000000000e+00 3 0 8 put-down 7 block_3 6 tableR 1 -3.39811205424982576e+00 5.00000000000000000e-01 2570 0 1 1 2
13 13 7 87 1 0 2 12 6 0 0.00000000000000000e+00 0.00000000000000000e+00 1.00000000000000000e+00 0.00000000000000000e+00 0.00000000000000000e+00 0.00000000000000000e+00 3 0 7 pick-up 7 block_1 6 tableR 1 -1.85788225802961660e+00 1.00000000000000000e+00 4254 0 1 1 2
14 14 8 87 1 0 2 13 6 0 0.00000000000000000e+00 0.00000000000000000e+00 1.00000000000000000e+00 0.00000000000000000e+00 0.00000000000000000e+00 0.00000000000000000e+00 3 0 5 check 7 block_1 6 tableC 1 -2.99613186555344129e+01 1.00000000000000000e+00 11759 0 1 1 2
15 15 9 87 1 0 2 14 6 0 0.00000000000000000e+00 0.00000000000000000e+00 1.00000000000000000e+00 0.00000000000000000e+00 0.00000000000000000e+00 0.00000000000000000e+00 3 0 5 stack 7 block_1 7 block_2 1 -2.25490638738231919e+00 1.00000000000000000e+00 25084 0 1 1 2
16 16 10 87 1 0 2 15 6 0 0.00000000000000000e+00 0.00000000000000000e+00 1.00000000000000000e+00 0.00000000000000000e+00 0.00000000000000000e+00 0.00000000000000000e+00 3 0 7 pick-up 7 block_3 6 tableR 1 -2.29237690963945528e-01 1.00000000000000000e+00 121363 0 1 1 2
17 17 11 87 1 0 2 16 6 0 0.00000000000000000e+00 0.00000000000000000e+00 1.00000000000000000e+00 0.00000000000000000e+00 0.00000000000000000e+00 0.00000000000000000e+00 3 0 5 stack 7 block_3 7 block_1 1 -5.54568601907088121e-01 1.00000000000000000e+00 130832 1 0 1 2
18 18 3 87 1 0 2 2 6 0 5.00000000000000000e-01 0.00000000000000000e+00 0.00000000000000000e+00 0.00000000000000000e+00 0.00000000000000000e+00 5.00000000000000000e-01 3 0 8 put-down 7 block_2 6 tableR 1 -2.31115300527333245e+00 3.33333333333333315e-01 15 0 1 1 2
19 19 4 87 1 0 2 18 6 0 5.00000000000000000e-01 0.00000000000000000e+00 0.00000000000000000e+00 0.00000000000000000e+00 0.00000000000000000e+00 5.00000000000000000e-01 3 0 7 unstack 7 block_3 7 block_1 1 -1.15013771652637953e+00 1.00000000000000000e+00 53 0 1 1 2
20 20 5 87 1 0 2 19 6 0 5.00000000000000000e-01 0.00000000000000000e+00 0.00000000000000000e+00 0.00000000000000000e+00 0.00000000000000000e+00 5.00000000000000000e-01 3 0 5 check 7 block_3 6 tableC 1 -1.73708508686695851e+01 1.00000000000000000e+00 373 0 2 1 2
21 21 6 87 1 0 2 20 6 0 0.00000000000000000e+00 0.00000000000000000e+00 0.00000000000000000e+00 0.00000000000000000e+00 0.00000000000000000e+00 1.00000000000000000e+00 3 0 8 put-down 7 block_3 6 tableR 1 -3.49103596351292422e+00 5.00000000000000000e-01 1673 0 1 1 2
22 22 7 87 1 0 2 21 6 0 0.00000000000000000e+00 0.00000000000000000e+00 0.00000000000000000e+00 0.00000000000000000e+00 0.00000000000000000e+00 1.00000000000000000e+00 3 0 7 pick-up 7 block_2 6 tableR 1 -2.81626111120564737e-01 1.00000000000000000e+00 4833 0 1 1 2
23 23 8 87 1 0 2 22 6 0 0.00000000000000000e+00 0.00000000000000000e+00 0.00000000000000000e+00 0.00000000000000000e+00 0.00000000000000000e+00 1.00000000000000000e+00 3 0 5 stack 7 block_2 7 block_3 1 -3.04696801997747402e-01 1.00000000000000000e+00 12278 0 1 1 2
24 24 9 87 1 0 2 23 6 0 0.00000000000000000e+00 0.00000000000000000e+00 0.00000000000000000e+00 0.00000000000000000e+00 0.00000000000000000e+00 1.00000000000000000e+00 3 0 7 pick-up 7 block_1 6 tableR 1 -1.64704434775659303e+00 1.00000000000000000e+00 43451 0 1 1 2
25 25 10 87 1 0 2 24 6 0 0.00000000000000000e+00 0.00000000000000000e+00 0.00000000000000000e+00 0.00000000000000000e+00 0.00000000000000000e+00 1.00000000000000000e+00 3 0 5 stack 7 block_1 7 block_2 1 -1.56746136713762354e+01 1.00000000000000000e+00 44905 0 1 1 2
26 26 11 87 1 0 2 25 6 0 0.00000000000000000e+00 0.00000000000000000e+00 0.00000000000000000e+00 0.00000000000000000e+00 0.00000000000000000e+00 1.00000000000000000e+00 3 0 7 unstack 7 block_1 7 block_2 1 -2.53368117009005522e-01 1.00000000000000000e+00 62893 0 1 1 2
27 27 12 87 1 0 2 26 6 0 0.00000000000000000e+00 0.00000000000000000e+00 0.00000000000000000e+00 0.00000000000000000e+00 0.00000000000000000e+00 1.00000000000000000e+00 3 0 5 stack 7 block_1 7 block_2 1 -1.39894823498304122e-01 1.00000000000000000e+00 76456 0 1 1 2
28 28 13 87 1 0 2 27 6 0 0.00000000000000000e+00 0.00000000000000000e+00 0.00000000000000000e+00 0.00000000000000000e+00 0.00000000000000000e+00 1.00000000000000000e+00 3 0 7 unstack 7 block_1 7 block_2 1 -5.18872325062649103e-02 1.00000000000000000e+00 169442 0 1 1 2
29 29 14 87 1 0 2 28 6 0 0.00000000000000000e+00 0.00000000000000000e+00 0.00000000000000000e+00 0.00000000000000000e+00 0.00000000000000000e+00 1.00000000000000000e+00 3 0 5 check 7 block_1 6 tableC 1 -9.35949398094947682e+00 1.00000000000000000e+00 170759 0 1 1 2
30 30 15 87 1 0 2 29 6 0 0.00000000000000000e+00 0.00000000000000000e+00 0.00000000000000000e+00 0.00000000000000000e+00 0.00000000000000000e+00 1.00000000000000000e+00 3 0 5 stack 7 block_1 7 block_2 1 -3.99895696610589280e+00 1.00000000000000000e+00 186806 1 0 1 2
31 31 6 87 1 0 2 20 6 0 1.00000000000000000e+00 0.00000000000000000e+00 0.00000000000000000e+00 0.00000000000000000e+00 0.00000000000000000e+00 0.00000000000000000e+00 3 0 8 put-down 7 block_3 6 tableR 1 -3.47486869768128326e+00 5.00000000000000000e-01 728 0 1 1 2
32 32 7 87 1 0 2 31 6 0 1.00000000000000000e+00 0.00000000000000000e+00 0.00000000000000000e+00 0.00000000000000000e+00 0.00000000000000000e+00 0.00000000000000000e+00 3 0 7 pick-up 7 block_1 6 tableR 1 -1.73916942013894271e+00 1.00000000000000000e+00 2421 0 1 1 2
33 33 8 87 1 0 2 32 6 0 1.00000000000000000e+00 0.00000000000000000e+00 0.00000000000000000e+00 0.00000000000000000e+00 0.00000000000000000e+00 0.00000000000000000e+00 3 0 5 check 7 block_1 6 tableC 1 -2.93844713207898565e+01 1.00000000000000000e+00 5313 0 1 1 2
34 34 9 87 1 0 2 33 6 0 1.00000000000000000e+00 0.00000000000000000e+00 0.00000000000000000e+00 0.00000000000000000e+00 0.00000000000000000e+00 0.00000000000000000e+00 3 0 8 put-down 7 block_1 6 tableR 1 -4.32397458497604781e+00 1.00000000000000000e+00 23034 0 1 1 2
35 35 10 87 1 0 2 34 6 0 1.00000000000000000e+00 0.00000000000000000e+00 0.00000000000000000e+00 0.00000000000000000e+00 0.00000000000000000e+00 0.00000000000000000e+00 3 0 7 pick-up 7 block_2 6 tableR 1 -9.43366714385106109e-01 1.00000000000000000e+00 111349 0 1 1 2
36 36 11 87 1 0 2 35 6 0 1.00000000000000000e+00 0.00000000000000000e+00 0.00000000000000000e+00 0.00000000000000000e+00 0.00000000000000000e+00 0.00000000000000000e+00 3 0 5 stack 7 block_2 7 block_1 1 -1.22523905964113444e+00 1.00000000000000000e+00 217382 0 1 1 2
37 37 12 87 1 0 2 36 6 0 1.00000000000000000e+00 0.00000000000000000e+00 0.00000000000000000e+00 0.00000000000000000e+00 0.00000000000000000e+00 0.00000000000000000e+00 3 0 7 pick-up 7 block_3 6 tableR 1 -1.12068285355418906e-01 1.00000000000000000e+00 410075 0 1 1 2
38 38 13 87 1 0 2 37 6 0 1.00000000000000000e+00 0.00000000000000000e+00 0.00000000000000000e+00 0.00000000000000000e+00 0.00000000000000000e+00 0.00000000000000000e+00 3 0 5 stack 7 block_3 7 block_2 1 -7.82516087432673757e-01 1.00000000000000000e+00 415615 1 0 1 2
39 39 3 87 1 0 2 2 6 0 0.00000000000000000e+00 5.00000000000000000e-01 0.00000000000000000e+00 0.00000000000000000e+00 5.00000000000000000e-01 0.00000000000000000e+00 3 0 8 put-down 7 block_2 6 tableR 1 -2.39920140990704267e+00 3.33333333333333315e-01 59 0 1 1 2
40 40 4 87 1 0 2 39 6 0 0.00000000000000000e+00 5.00000000000000000e-01 0.00000000000000000e+00 0.00000000000000000e+00 5.00000000000000000e-01 0.00000000000000000e+00 3 0 7 unstack 7 block_3 7 block_1 1 -1.06897783222963705e+00 1.00000000000000000e+00 162 0 1 1 2
41 41 5 87 1 0 2 40 6 0 0.00000000000000000e+00 5.00000000000000000e-01 0.00000000000000000e+00 0.00000000000000000e+00 5.00000000000000000e-01 0.00000000000000000e+00 3 0 5 check 7 block_3 6 tableC 1 -1.73907808242464270e+01 1.00000000000000000e+00 411 0 2 1 2
42 42 6 87 1 0 2 41 6 0 0.00000000000000000e+00 0.00000000000000000e+00 0.00000000000000000e+00 0.00000000000000000e+00 1.00000000000000000e+00 0.00000000000000000e+00 3 0 8 put-down 7 block_3 6 tableR 1 -3.52516541172956854e+00 5.00000000000000000e-01 518 0 1 1 2
43 43 7 87 1 0 2 42 6 0 0.00000000000000000e+00 0.00000000000000000e+00 0.00000000000000000e+00 0.00000000000000000e+00 1.00000000000000000e+00 0.00000000000000000e+00 3 0 7 pick-up 7 block_1 6 tableR 1 -1.59289912854902305e+00 1.00000000000000000e+00 3695 0 1 1 2
44 44 8 87 1 0 2 43 6 0 0.00000000000000000e+00 0.00000000000000000e+00 0.00000000000000000e+00 0.00000000000000000e+00 1.00000000000000000e+00 0.00000000000000000e+00 3 0 5 check 7 block_1 6 tableC 1 -2.84865612369860486e+01 1.00000000000000000e+00 10258 0 1 1 2
45 45 9 87 1 0 2 44 6 0 0.00000000000000000e+00 0.00000000000000000e+00 0.00000000000000000e+00 0.00000000000000000e+00 1.00000000000000000e+00 0.00000000000000000e+00 3 0 5 stack 7 block_1 7 block_3 1 -3.48235062808814622e+00 1.00000000000000000e+00 15284 0 1 1 2
46 46 10 87 1 0 2 45 6 0 0.00000000000000000e+00 0.00000000000000000e+00 0.00000000000000000e+00 0.00000000000000000e+00 1.00000000000000000e+00 0.00000000000000000e+00 3 0 7 pick-up 7 block_2 6 tableR 1 -2.63763700516132071e-01 1.00000000000000000e+00 210881 0 1 1 2
47 47 11 87 1 0 2 46 6 0 0.00000000000000000e+00 0.00000000000000000e+00 0.00000000000000000e+00 0.00000000000000000e+00 1.00000000000000000e+00 0.00000000000000000e+00 3 0 5 stack 7 block_2 7 block_1 1 -3.19631533185726957e-01 1.00000000000000000e+00 212819 1 0 1 2
48 48 6 87 1 0 2 41 6 0 0.00000000000000000e+00 1.00000000000000000e+00 0.00000000000000000e+00 0.00000000000000000e+00 0.00000000000000000e+00 0.00000000000000000e+00 3 0 5 stack 7 block_3 7 block_2 1 -2.27609656457988763e+00 5.00000000000000000e-01 2193 0 1 1 2
49 49 7 87 1 0 2 48 6 0 0.00000000000000000e+00 1.00000000000000000e+00 0.00000000000000000e+00 0.00000000000000000e+00 0.00000000000000000e+00 0.00000000000000000e+00 3 0 7 pick-up 7 block_1 6 tableR 1 -1.26777177816280306e+00 1.00000000000000000e+00 10534 0 1 1 2
50 50 8 87 1 0 2 49 6 0 0.00000000000000000e+00 1.00000000000000000e+00 0.00000000000000000e+00 0.00000000000000000e+00 0.00000000000000000e+00 0.00000000000000000e+00 3 0 5 check 7 block_1 6 tableC 1 -2.43150136966133346e+01 1.00000000000000000e+00 20207 0 1 1 2
51 51 9 87 1 0 2 50 6 0 0.00000000000000000e+00 1.00000000000000000e+00 0.00000000000000000e+00 0.00000000000000000e+00 0.00000000000000000e+00 0.00000000000000000e+00 3 0 8 put-down 7 block_1 6 tableR 1 -4.09773929921076263e+00 1.00000000000000000e+00 21674 0 1 1 2
52 52 10 87 1 0 2 51 6 0 0.00000000000000000e+00 1.00000000000000000e+00 0.00000000000000000e+00 0.00000000000000000e+00 0.00000000000000000e+00 0.00000000000000000e+00 3 0 7 unstack 7 block_3 7 block_2 1 -1.08402549883152655e+00 1.00000000000000000e+00 78230 0 1 1 2
53 53 11 87 1 0 2 52 6 0 0.00000000000000000e+00 1.00000000000000000e+00 0.00000000000000000e+00 0.00000000000000000e+00 0.00000000000000000e+00 0.00000000000000000e+00 3 0 5 stack 7 block_3 7 block_1 1 -6.67084687448202485e-01 1.00000000000000000e+00 196342 0 1 1 2
54 54 12 87 1 0 2 53 6 0 0.00000000000000000e+00 1.00000000000000000e+00 0.00000000000000000e+00 0.00000000000000000e+00 0.00000000000000000e+00 0.00000000000000000e+00 3 0 7 pick-up 7 block_2 6 tableR 1 -1.96364239326873635e-01 1.00000000000000000e+00 200732 0 1 1 2
55 55 13 87 1 0 2 54 6 0 0.00000000000000000e+00 1.00000000000000000e+00 0.00000000000000000e+00 0.00000000000000000e+00 0.00000000000000000e+00 0.00000000000000000e+00 3 0 5 stack 7 block_2 7 block_3 1 -2.57172758203506779e+00 1.00000000000000000e+00 207800 1 0 1 6 0 2 11 2 17 2 47 2 38 2 55 2 30 -7.55005259668453732e+01 0 0 0 0 0 0 0 0 0 0
