22 serialization::archive 17 0 0 39 0 1 2 1 0
0 0 0 397 0 0 0 0 0 0 6 0 1.66666666999999991e-01 1.66666666999999991e-01 1.66666666999999991e-01 1.66666666999999991e-01 1.66666666999999991e-01 1.66666666999999991e-01 0 0 0 0 0 0.00000000000000000e+00 0.00000000000000000e+00 0 0 0 0 1 1 2
1 1 1 397 1 0 0 0 2 0 6 0 1.66666666999999991e-01 1.66666666999999991e-01 1.66666666999999991e-01 1.66666666999999991e-01 1.66666666999999991e-01 1.66666666999999991e-01 4 0 5 check 7 block_1 6 side_4 5 FALSE 1 -9.49609520254841299e-02 1.00000000000000000e+00 5 0 2 1 2
2 2 2 397 1 0 2 1 6 0 2.00000000000000011e-01 2.00000000000000011e-01 2.00000000000000011e-01 2.00000000000000011e-01 0.00000000000000000e+00 2.00000000000000011e-01 4 0 5 check 7 block_1 6 side_0 5 FALSE 1 -2.19563584705181197e-01 8.33333335000000064e-01 32 0 2 1 2
3 3 3 397 1 0 2 2 6 0 0.00000000000000000e+00 2.50000000000000000e-01 2.50000000000000000e-01 2.50000000000000000e-01 0.00000000000000000e+00 2.50000000000000000e-01 4 0 5 check 7 block_1 6 side_2 5 FALSE 1 -5.79414491983921143e-01 8.00000000000000044e-01 59 0 2 1 2
4 4 4 397 1 0 2 3 6 0 0.00000000000000000e+00 3.33333333333333315e-01 0.00000000000000000e+00 3.33333333333333315e-01 0.00000000000000000e+00 3.33333333333333315e-01 4 0 5 check 7 block_1 6 side_3 5 FALSE 1 -6.12808179843492895e-01 7.50000000000000000e-01 320 0 2 1 2
5 5 5 397 1 0 2 4 6 0 0.00000000000000000e+00 5.00000000000000000e-01 0.00000000000000000e+00 0.00000000000000000e+00 0.00000000000000000e+00 5.00000000000000000e-01 4 0 5 check 7 block_1 6 side_1 5 FALSE 1 -2.00654135352845320e-01 6.66666666666666630e-01 1087 0 2 1 2
6 6 6 397 1 0 2 5 6 0 0.00000000000000000e+00 0.00000000000000000e+00 0.00000000000000000e+00 0.00000000000000000e+00 0.00000000000000000e+00 1.00000000000000000e+00 6 0 7 pick-up 7 block_1 6 tableC 5 FALSE 6 side_5 5 FALSE 1 -2.15783635757795383e-01 5.00000000000000000e-01 2101 0 1 1 2
7 7 7 397 1 0 2 6 6 0 0.00000000000000000e+00 0.00000000000000000e+00 0.00000000000000000e+00 0.00000000000000000e+00 0.00000000000000000e+00 1.00000000000000000e+00 5 0 16 put-down-flipped 7 block_1 6 tableC 6 side_5 5 FALSE 1 -1.78433306441451345e+00 1.00000000000000000e+00 2542 0 1 1 2
8 8 8 397 1 0 2 7 6 0 0.00000000000000000e+00 0.00000000000000000e+00 0.00000000000000000e+00 0.00000000000000000e+00 0.00000000000000000e+00 1.00000000000000000e+00 4 0 5 check 7 block_1 6 side_5 4 TRUE 1 -5.10821414116107153e+00 1.00000000000000000e+00 2764 0 1 1 2
9 9 9 397 1 0 2 8 6 0 0.00000000000000000e+00 0.00000000000000000e+00 0.00000000000000000e+00 0.00000000000000000e+00 0.00000000000000000e+00 1.00000000000000000e+00 6 0 7 pick-up 7 block_1 6 tableC 4 TRUE 6 side_5 4 TRUE 1 -4.76873781528195195e+00 1.00000000000000000e+00 2975 1 0 1 2
10 10 6 397 1 0 2 5 6 0 0.00000000000000000e+00 1.00000000000000000e+00 0.00000000000000000e+00 0.00000000000000000e+00 0.00000000000000000e+00 0.00000000000000000e+00 6 0 7 pick-up 7 block_1 6 tableC 5 FALSE 6 side_1 4 TRUE 1 -6.06437660666756528e+00 5.00000000000000000e-01 2422 1 0 1 2
11 11 5 397 1 0 2 4 6 0 0.00000000000000000e+00 0.00000000000000000e+00 0.00000000000000000e+00 1.00000000000000000e+00 0.00000000000000000e+00 0.00000000000000000e+00 6 0 7 pick-up 7 block_1 6 tableC 5 FALSE 6 side_3 5 FALSE 1 -1.66101810841568698e+00 3.33333333333333315e-01 626 0 1 1 2
12 12 6 397 1 0 2 11 6 0 0.00000000000000000e+00 0.00000000000000000e+00 0.00000000000000000e+00 1.00000000000000000e+00 0.00000000000000000e+00 0.00000000000000000e+00 5 0 8 put-down 7 block_1 6 tableC 6 side_3 4 TRUE 1 -4.10217914008240072e+01 1.00000000000000000e+00 1300 1 0 1 2
13 13 4 397 1 0 2 3 6 0 0.00000000000000000e+00 0.00000000000000000e+00 1.00000000000000000e+00 0.00000000000000000e+00 0.00000000000000000e+00 0.00000000000000000e+00 6 0 7 pick-up 7 block_1 6 tableC 5 FALSE 6 side_2 5 FALSE 1 -3.06389472107486460e+00 2.50000000000000000e-01 881 0 1 1 2
14 14 5 397 1 0 2 13 6 0 0.00000000000000000e+00 0.00000000000000000e+00 1.00000000000000000e+00 0.00000000000000000e+00 0.00000000000000000e+00 0.00000000000000000e+00 5 0 8 put-down 7 block_1 6 tableC 6 side_2 4 TRUE 1 -2.94903988205216692e+01 1.00000000000000000e+00 982 1 0 1 2
15 15 3 397 1 0 2 2 6 0 1.00000000000000000e+00 0.00000000000000000e+00 0.00000000000000000e+00 0.00000000000000000e+00 0.00000000000000000e+00 0.00000000000000000e+00 6 0 7 pick-up 7 block_1 6 tableC 5 FALSE 6 side_0 5 FALSE 1 -4.76308174354858671e-01 2.00000000000000011e-01 266 0 1 1 2
16 16 4 397 1 0 2 15 6 0 1.00000000000000000e+00 0.00000000000000000e+00 0.00000000000000000e+00 0.00000000000000000e+00 0.00000000000000000e+00 0.00000000000000000e+00 5 0 8 put-down 7 block_1 6 tableC 6 side_0 4 TRUE 1 -1.20185924410731193e+00 1.00000000000000000e+00 701 1 0 1 2
17 17 2 397 1 0 2 1 6 0 0.00000000000000000e+00 0.00000000000000000e+00 0.00000000000000000e+00 0.00000000000000000e+00 1.00000000000000000e+00 0.00000000000000000e+00 6 0 7 pick-up 7 block_1 6 tableC 5 FALSE 6 side_4 5 FALSE 1 -2.79329720599457605e-02 1.66666666999999991e-01 137 0 1 1 2
18 18 3 397 1 0 2 17 6 0 0.00000000000000000e+00 0.00000000000000000e+00 0.00000000000000000e+00 0.00000000000000000e+00 1.00000000000000000e+00 0.00000000000000000e+00 5 0 16 put-down-flipped 7 block_1 6 tableC 6 side_4 4 TRUE 1 -3.22999192121856860e+00 1.00000000000000000e+00 165 1 0 1 6 0 2 18 2 16 2 14 2 10 2 12 2 9 -1.73899358745416990e+01 0 0 0 0 0 0 0 0 0 0
